        Year      NH_HCI      SH_HCI
        1979  4.4583830E+10 -2.0500339E+11
        1980  4.5394690E+10 -2.0774814E+11
        1981  4.8766018E+10 -1.9942420E+11
        1982  5.2104749E+10 -2.0708059E+11
        1983  5.6441147E+10 -2.1194760E+11
        1984  4.7209882E+10 -1.7621782E+11
        1985  4.9768837E+10 -1.8902363E+11
        1986  5.4655115E+10 -1.9482891E+11
        1987  4.9038393E+10 -1.9982470E+11
        1988  4.9626366E+10 -1.9611296E+11
        1989  5.8583359E+10 -2.0554269E+11
        1990  5.5218336E+10 -2.0805548E+11
        1991  5.4104433E+10 -2.1763513E+11
        1992  5.7841824E+10 -1.9181452E+11
        1993  4.8915046E+10 -2.0134440E+11
        1994  4.6822453E+10 -2.0738643E+11
        1995  5.0385691E+10 -1.9692839E+11
        1996  4.6357774E+10 -1.7968801E+11
        1997  4.8048128E+10 -2.1872289E+11
        1998  3.8616805E+10 -1.8697244E+11
        1999  4.2323657E+10 -2.1112588E+11
        2000  4.9017520E+10 -2.0559739E+11
        2001  4.9456759E+10 -2.0656457E+11
        2002  4.5728244E+10 -2.1408060E+11
        2003  4.7946793E+10 -2.1280096E+11
        2004  4.7739044E+10 -2.0734958E+11
        2005  5.4899519E+10 -2.1161699E+11
        2006  4.7668912E+10 -2.2245969E+11
        2007  4.9351365E+10 -2.1193456E+11
        2008  4.9480323E+10 -2.1631536E+11
        2009  5.3437268E+10 -2.1546235E+11
        2010  5.1810570E+10 -2.1258915E+11
        2011  5.3463359E+10 -2.3918874E+11
        2012  4.5582336E+10 -2.2489830E+11
        2013  5.1878130E+10 -2.1569697E+11
